[g.jpg]
filters=crop64=1,1051397fffff1d0;
crop=rect64(1051397fffff1d0)
moddate=0a5e39a0a175ce01
width=502
height=379
text=1;187;54;Tap on buttons gradually to view &#010;step by step process;Times New Roman;0.096826,0.363698,0.076705,0.000000;v1,4278190080,4278190080,128.000000,1.000000,0.000000,1.000000,400,256,49152;;
textactive=1
